7.110000000000000320e+00
6.139999999999999680e+00
6.379999999999999893e+00
6.089999999999999858e+00
6.629999999999999893e+00
7.910000000000000142e+00
6.190000000000000391e+00
5.919999999999999929e+00
6.019999999999999574e+00
6.940000000000000391e+00
7.259999999999999787e+00
6.219999999999999751e+00
5.660000000000000142e+00
6.139999999999999680e+00
7.089999999999999858e+00
7.360000000000000320e+00
6.290000000000000036e+00
5.709999999999999964e+00
5.759999999999999787e+00
7.019999999999999574e+00
7.000000000000000000e+00
6.379999999999999893e+00
5.759999999999999787e+00
6.219999999999999751e+00
7.580000000000000071e+00
6.599999999999999645e+00
6.440000000000000391e+00
5.780000000000000249e+00
6.219999999999999751e+00
7.500000000000000000e+00
6.549999999999999822e+00
6.389999999999999680e+00
6.219999999999999751e+00
6.290000000000000036e+00
7.919999999999999929e+00
7.110000000000000320e+00
6.490000000000000213e+00
6.269999999999999574e+00
5.870000000000000107e+00
8.080000000000000071e+00
7.059999999999999609e+00
6.429999999999999716e+00
6.190000000000000391e+00
6.219999999999999751e+00
8.419999999999999929e+00
8.480000000000000426e+00
6.580000000000000071e+00
6.320000000000000284e+00
6.320000000000000284e+00
8.570000000000000284e+00
8.529999999999999361e+00
6.190000000000000391e+00
6.320000000000000284e+00
6.780000000000000249e+00
8.619999999999999218e+00
8.009999999999999787e+00
6.169999999999999929e+00
6.379999999999999893e+00
6.679999999999999716e+00
8.980000000000000426e+00
8.480000000000000426e+00
6.530000000000000249e+00
6.750000000000000000e+00
7.139999999999999680e+00
2.167999999999999972e+01
8.179999999999999716e+00
6.629999999999999893e+00
7.309999999999999609e+00
7.700000000000000178e+00
6.395000000000000284e+01
8.619999999999999218e+00
6.650000000000000355e+00
7.360000000000000320e+00
8.109999999999999432e+00
6.459999999999999432e+01
8.130000000000000782e+00
6.549999999999999822e+00
6.900000000000000355e+00
9.839999999999999858e+00
7.395000000000000284e+01
8.230000000000000426e+00
6.650000000000000355e+00
6.990000000000000213e+00
5.039000000000000057e+01
6.360000000000000142e+01
8.640000000000000568e+00
6.629999999999999893e+00
9.150000000000000355e+00
5.385999999999999943e+01
6.127000000000000313e+01
9.789999999999999147e+00
6.629999999999999893e+00
6.075999999999999801e+01
7.137999999999999545e+01
7.948999999999999488e+01
1.066000000000000014e+01
6.580000000000000071e+00
8.210000000000000853e+00
7.653000000000000114e+01
-5.068000000000000114e+02
1.075999999999999979e+01
6.889999999999999680e+00
9.380000000000000782e+00
6.581000000000000227e+01
5.810999999999999943e+01
7.915000000000000568e+01
7.400000000000000355e+00
5.959000000000000341e+01
7.551000000000000512e+01
7.384999999999999432e+01
6.165999999999999659e+01
7.719999999999999751e+00
5.840999999999999659e+01
7.295999999999999375e+01
7.434000000000000341e+01
8.529000000000000625e+01
8.689999999999999503e+00
5.986999999999999744e+01
7.317000000000000171e+01
6.013000000000000256e+01
5.992999999999999972e+01
8.631000000000000227e+01
7.481999999999999318e+01
-1.234699999999999989e+02
6.231000000000000227e+01
7.801000000000000512e+01
8.789000000000000057e+01
6.010000000000000142e+01
-1.232800000000000011e+02
7.395000000000000284e+01
7.618999999999999773e+01
7.614000000000000057e+01
6.007999999999999829e+01
7.581999999999999318e+01
6.028000000000000114e+01
5.999000000000000199e+01
7.659000000000000341e+01
6.010999999999999943e+01
6.007999999999999829e+01
6.100999999999999801e+01
6.654000000000000625e+01
8.984000000000000341e+01
8.162999999999999545e+01
6.435999999999999943e+01
7.942000000000000171e+01
7.301999999999999602e+01
8.610999999999999943e+01
7.720999999999999375e+01
6.414000000000000057e+01
6.473999999999999488e+01
