6.650000000000000355e+00
6.429999999999999716e+00
6.269999999999999574e+00
7.599999999999999645e+00
7.290000000000000036e+00
5.559999999999999609e+00
6.940000000000000391e+00
4.690000000000000391e+00
4.280000000000000249e+00
4.639999999999999680e+00
4.740000000000000213e+00
4.230000000000000426e+00
4.339999999999999858e+00
4.740000000000000213e+00
4.639999999999999680e+00
7.190000000000000391e+00
5.150000000000000355e+00
5.459999999999999964e+00
5.969999999999999751e+00
6.379999999999999893e+00
nan
7.290000000000000036e+00
8.210000000000000853e+00
nan
1.030000000000000071e+01
7.040000000000000036e+00
6.219999999999999751e+00
5.410000000000000142e+00
7.599999999999999645e+00
8.109999999999999432e+00
8.060000000000000497e+00
7.959999999999999964e+00
7.500000000000000000e+00
6.940000000000000391e+00
nan
5.809999999999999609e+00
5.809999999999999609e+00
5.809999999999999609e+00
5.000000000000000000e+00
6.530000000000000249e+00
1.248000000000000043e+01
nan
7.339999999999999858e+00
7.700000000000000178e+00
nan
7.599999999999999645e+00
6.320000000000000284e+00
6.530000000000000249e+00
5.709999999999999964e+00
5.969999999999999751e+00
6.730000000000000426e+00
8.419999999999999929e+00
7.089999999999999858e+00
7.839999999999999858e+00
7.500000000000000000e+00
6.429999999999999716e+00
7.290000000000000036e+00
5.809999999999999609e+00
5.559999999999999609e+00
9.619999999999999218e+00
6.530000000000000249e+00
7.190000000000000391e+00
nan
7.040000000000000036e+00
6.940000000000000391e+00
1.748000000000000043e+01
7.040000000000000036e+00
6.679999999999999716e+00
7.339999999999999858e+00
6.219999999999999751e+00
6.830000000000000071e+00
6.780000000000000249e+00
7.290000000000000036e+00
7.190000000000000391e+00
7.959999999999999964e+00
8.759999999999999787e+00
6.780000000000000249e+00
6.120000000000000107e+00
5.299999999999999822e+00
nan
nan
8.759999999999999787e+00
6.940000000000000391e+00
nan
7.500000000000000000e+00
8.160000000000000142e+00
6.530000000000000249e+00
7.040000000000000036e+00
6.990000000000000213e+00
nan
7.040000000000000036e+00
7.190000000000000391e+00
8.179999999999999716e+00
7.549999999999999822e+00
7.650000000000000355e+00
8.109999999999999432e+00
8.259999999999999787e+00
7.339999999999999858e+00
nan
4.540000000000000036e+00
5.049999999999999822e+00
5.129999999999999893e+00
6.830000000000000071e+00
7.400000000000000355e+00
nan
7.549999999999999822e+00
7.530000000000000249e+00
7.549999999999999822e+00
7.339999999999999858e+00
nan
7.839999999999999858e+00
7.799999999999999822e+00
1.008000000000000007e+01
7.700000000000000178e+00
7.040000000000000036e+00
7.849999999999999645e+00
7.500000000000000000e+00
7.750000000000000000e+00
7.790000000000000036e+00
8.980000000000000426e+00
5.660000000000000142e+00
4.080000000000000071e+00
5.099999999999999645e+00
nan
8.500000000000000000e+00
nan
7.339999999999999858e+00
7.650000000000000355e+00
9.839999999999999858e+00
1.255000000000000071e+01
nan
nan
6.679999999999999716e+00
1.466999999999999993e+01
nan
nan
7.400000000000000355e+00
7.580000000000000071e+00
7.500000000000000000e+00
8.570000000000000284e+00
nan
5.000000000000000000e+00
6.679999999999999716e+00
5.410000000000000142e+00
7.500000000000000000e+00
7.750000000000000000e+00
nan
7.290000000000000036e+00
7.230000000000000426e+00
7.959999999999999964e+00
nan
nan
nan
nan
nan
9.269999999999999574e+00
9.380000000000000782e+00
7.599999999999999645e+00
7.799999999999999822e+00
8.039999999999999147e+00
9.130000000000000782e+00
8.470000000000000639e+00
4.080000000000000071e+00
4.740000000000000213e+00
5.049999999999999822e+00
nan
7.400000000000000355e+00
nan
7.910000000000000142e+00
8.470000000000000639e+00
7.019999999999999574e+00
8.869999999999999218e+00
nan
7.839999999999999858e+00
7.799999999999999822e+00
1.152999999999999936e+01
9.570000000000000284e+00
nan
nan
7.799999999999999822e+00
nan
8.109999999999999432e+00
7.799999999999999822e+00
4.900000000000000355e+00
4.280000000000000249e+00
5.509999999999999787e+00
7.700000000000000178e+00
9.279999999999999361e+00
nan
8.349999999999999645e+00
1.013000000000000078e+01
7.910000000000000142e+00
8.300000000000000711e+00
7.339999999999999858e+00
9.210000000000000853e+00
nan
8.619999999999999218e+00
1.549000000000000021e+01
9.029999999999999361e+00
8.259999999999999787e+00
nan
8.869999999999999218e+00
1.025000000000000000e+01
7.240000000000000213e+00
6.169999999999999929e+00
7.240000000000000213e+00
5.150000000000000355e+00
7.700000000000000178e+00
1.023000000000000043e+01
nan
